13929
16523
17801
16499
22143
18548
23352
25998
26200
25610
25096
25607
25285
27270
23206
28204
28179
28120
28703
27918
28676
28884
29179
29092
29512
29420
29732
29719
29480
27288
29756
29750
29738
29419
29655
29758
29845
29679
29445
29890
28610
29527
26415
28843
29889
29540
29505
29895
28861
29973
29751
29961
29883
29222
29494
30120
26054
22457
27483
29715
29862
30036
29914
28558
30081
29898
29280
29967
30089
28183
28527
27685
29566
30109
29844
30083
29718
28981
29669
23694
26434
27384
29657
23157
29646
29558
29942
29610
27606
30116
29170
29524
29770
27544
29507
29282
29912
29922
30042
29840
29676
27970
29924
29744
30160
29857
30149
30105
30221
29954
30175
29901
28848
29054
30246
25999
29743
29277
29432
27736
30047
29099
26311
30243
30068
27833
30210
30186
27889
30151
29287
30240
29473
28531
29702
29846
29375
30128
30218
30283
30215
28262
29852
30129
29897
26599
29457
29991
30052
30327
28999
30082
29030
29998
28829
29461
30055
27053
30254
30123
30287
27715
29875
30396
30404
30383
30253
23010
30239
29664
26450
26050
29851
27539
30373
29146
29407
29836
30330
30053
29880
29119
29213
30097
29951
29391
29412
27773
29563
30372
30304
30183
30371
25913
28448
30317
29537
30018
29334
30265
28697
29562
30354
30050
30402
22187
29988
27941
29418
29015
29939
30430
29002
30462
27255
30191
30208
30006
29000
29935
28577
26968
29323
30381
30190
30351
24065
30279
25362
29850
27626
27665
30406
29300
29628
30099
29876
30148
29477
30301
28535
24970
30092
29899
24352
29670
29865
29966
27115
30103
29046
29978
29884
29869
29275
30308
29675
30209
30258
29714
29599
28857
30441
29888
29032
29008
29752
28053
30408
29029
29075
30461
29983
27979
29928
30065
29307
28386
29975
29614
29096
30336
30261
30292
30187
30003
24470
30079
30305
30284
29330
29068
30010
30444
29259
29411
23050
29449
30213
23926
29887
29847
29366
30242
30063
30436
29848
29398
29745
30007
30426
29871
30231
29579
28899
29709
30027
28399
29989
29465
30207
27517
30224
29255
29066
29879
29616
28555
24234
29687
30409
29077
28834
29979
25788
30235
29913
28432
29286
30333
29589
30270
29545
28935
29746
30100
28559
27484
28806
30101
30071
30455
30331
29927
27363
28377
27826
30096
30451
29336
30201
29929
29588
30086
27448
27041
25758
30229
30474
23017
30343
30011
29469
26850
29885
30337
30008
29652
29168
29470
30486
29615
27793
25319
30470
30482
29466
30119
29636
30024
30161
30059
29141
30459
29995
30497
29838
30166
30180
29230
29372
30438
29594
28371
29920
28079
29904
30196
29570
30487
29918
30349
30267
25601
25919
29917
29631
29877
29661
25933
30499
26358
28985
29987
29771
30410
28976
29943
30137
30296
27947
29137
30498
30480
29690
30452
29854
30106
29501
29135
27478
30477
29886
28758
30420
29305
30061
28943
28782
29495
29490
29106
30073
30447
29775
29591
30233
30424
30405
30427
28926
30142
27555
30256
30248
30025
30009
27976
30429
30352
29921
28781
30245
30111
26746
29701
30244
30214
30226
30362
29916
30145
30130
30448
29731
29455
29338
30131
27971
29859
28322
30204
28269
29986
27897
28601
30075
27485
29620
30046
29873
30414
29551
30326
29972
29374
29247
29855
29613
29900
27798
30112
29196
27258
30315
22996
26298
27604
29984
30162
30205
29858
29417
30562
30045
29903
29539
30067
29931
30249
30269
30285
30141
30468
28590
29384
29202
29905
30228
23228
30200
28998
27636
30460
29281
27910
30150
28770
29842
29204
30392
29581
27652
29730
29713
29436
29299
29117
28549
30521
30434
30580
25774
26528
29064
30264
30268
29705
29485
30121
29089
29656
28768
29528
25561
27662
29486
30058
30023
29544
29835
25384
28805
27974
30484
30519
30379
30789
30001
28525
30576
29882
30211
29881
29392
30198
18502
29940
28333
29502
28634
28996
30282
29468
30398
30346
30118
26238
28130
29747
27116
27090
28138
25953
30013
30212
30384
4721
29764
30266
30043
29843
29678
30273
30492
30241
29681
29694
29171
30490
30076
29695
7016
29644
26254
29774
21310
26812
29130
30513
28256
29930
30457
29233
29294
29464
30564
30012
28603
28241
30125
30084
29949
30302
29368
28190
29872
30219
28436
6907
29902
29662
29438
29224
30491
29254
29926
30631
30184
27841
27621
29549
29533
29283
30274
27572
29776
26491
29748
29749
30070
29603
29849
29736
27645
30236
30005
29154
30391
30473
29867
29248
30176
30257
28567
29760
28311
29080
25920
29722
29081
30361
29007
27482
25063
30502
30197
29894
28433
30319
28491
29390
29315
29598
28572
28679
27472
30442
27962
30792
29353
30375
29520
30360
29717
30423
29765
29896
30247
29518
30156
30291
29964
30031
30262
2928
30370
30464
30766
30188
26193
30399
29514
30230
30365
30185
30126
26171
31054
30435
29483
7938
28853
28871
30035
30489
29999
29726
30478
30132
22557
29122
28709
29454
29932
25865
29754
3021
30382
25054
26527
3660
29070
27992
30155
26808
29692
29543
29735
27714
29027
28693
28508
18764
30307
29945
28729
29559
29595
30225
29720
24914
30466
27771
26328
28994
30313
29504
19140
29629
27908
25887
30271
30465
29762
28499
30104
29761
29560
27166
29654
29763
29958
29976
30432
30153
30517
29740
29870
29892
29272
30389
30479
28360
30154
29159
29484
28238
28647
